<HTML>
<TITLE>University of Wyoming - Radiosonde Data</TITLE>
<BODY BGCOLOR="white">
<H2>72440 SGF Springfield Observations at 12Z 22 May 2011</H2>
<PRE>
-----------------------------------------------------------------------------
   PRES   HGHT   TEMP   DWPT   RELH   MIXR   DRCT   SKNT   THTA   THTE   THTV
    hPa     m      C      C      %    g/kg    deg   knot     K      K      K 
-----------------------------------------------------------------------------
 1000.0     54                                                               
  962.0    387   19.6   18.6     94  14.22    160      7  296.0  337.1  298.5
  951.0    488   20.0   19.4     96  15.15    171     17  297.4  341.4  300.1
  937.9    610   19.5   19.0     97  14.98    185     28  298.1  341.7  300.7
  925.0    732   19.0   18.6     98  14.80    195     35  298.7  342.0  301.4
  908.0    892   18.6   18.3     98  14.80    199     42  299.9  343.4  302.6
  905.7    914   18.8   18.2     96  14.78    200     43  300.4  343.9  303.0
  894.0   1026   20.0   17.9     88  14.65    209     44  302.7  346.3  305.3
  875.0   1212   19.0   17.3     90  14.41    224     47  303.5  346.5  306.1
  874.3   1219   19.1   17.2     89  14.34    225     47  303.7  346.5  306.3
  871.0   1252   19.4   16.8     85  14.02    225     45  304.3  346.3  306.9
  866.0   1301   21.4   10.4     49   9.22    225     43  306.9  335.1  308.6
  863.0   1331   22.0    6.0     35   6.84    225     41  307.8  329.1  309.1
  850.0   1463   21.6   -0.4     23   4.39    225     35  308.8  322.7  309.6
  843.0   1534   21.2   -2.8     20   3.71    225     35  309.1  321.0  309.8
  814.2   1829   18.5   -4.2     21   3.47    225     33  309.3  320.5  309.9
  785.5   2134   15.7   -5.5     23   3.24    235     32  309.5  320.0  310.1
  757.9   2438   12.9   -6.9     24   3.01    240     29  309.7  319.5  310.2
  741.0   2629   11.2   -7.8     26   2.88    237     29  309.8  319.2  310.3
  730.9   2743   10.1   -8.0     27   2.89    235     29  309.8  319.2  310.3
  700.0   3100    6.6   -8.4     33   2.91    245     31  309.8  319.2  310.3
  653.1   3658    1.3  -10.0     43   2.74    245     28  309.9  318.9  310.4
  614.0   4155   -3.5  -11.5     54   2.60    257     26  310.0  318.5  310.5
  606.0   4259   -3.5  -15.5     39   1.90    260     25  311.1  317.5  311.5
  605.4   4267   -3.6  -15.6     39   1.89    260     25  311.1  317.5  311.5
  567.0   4780   -7.9  -19.9     38   1.40    243     33  311.9  316.7  312.2
  560.0   4877   -8.0  -26.9     20   0.76    240     35  313.0  315.7  313.1
  544.0   5102   -8.1  -43.1      4   0.16    239     36  315.4  316.0  315.4
  533.0   5260   -8.9  -55.9      1   0.04    238     37  316.3  316.4  316.3
  500.0   5750  -13.1  -47.1      4   0.11    235     40  317.0  317.4  317.0
  497.3   5791  -13.4  -48.0      4   0.10    235     41  317.1  317.5  317.1
  477.5   6096  -15.9  -54.6      2   0.05    235     43  317.8  318.0  317.8
  454.0   6476  -18.9  -62.9      1   0.02    241     45  318.6  318.7  318.6
  423.0   7000  -20.9  -54.9      3   0.05    250     49  322.6  322.8  322.6
  422.4   7010  -21.0  -54.4      3   0.06    250     49  322.6  322.8  322.6
  411.0   7212  -22.9  -42.9     14   0.21    247     48  322.6  323.5  322.7
  400.0   7410  -24.7  -41.7     19   0.25    245     47  322.8  323.8  322.9
  391.0   7576  -25.9  -42.9     19   0.22    245     47  323.3  324.2  323.4
  388.6   7620  -26.2  -43.6     18   0.21    245     47  323.5  324.3  323.5
  359.0   8190  -30.3  -53.3      9   0.08    243     48  325.4  325.7  325.4
  313.0   9144  -38.7  -55.6     15   0.07    240     49  326.7  327.0  326.7
  300.0   9440  -41.3  -56.3     18   0.06    235     50  327.0  327.3  327.1
  250.0  10650  -52.1  -63.1     25   0.03    230     47  328.5  328.6  328.5
  244.0  10807  -53.7  -64.7     25   0.03    229     48  328.4  328.5  328.4
  227.0  11270  -54.9  -65.9     24   0.02    225     51  333.4  333.5  333.4
  217.0  11558  -53.7  -64.7     25   0.03    220     55  339.6  339.7  339.6
  216.2  11582  -53.8  -64.8     25   0.03    220     55  339.8  339.9  339.8
  204.0  11954  -55.5  -66.5     24   0.02    227     51  342.8  342.9  342.8
  200.0  12080  -55.1  -66.1     24   0.03    230     50  345.4  345.5  345.4
  198.0  12144  -54.7  -65.7     24   0.03    231     50  347.0  347.1  347.0
  189.0  12441  -55.3  -66.3     24   0.03    235     50  350.7  350.8  350.7
  173.0  13006  -54.9  -66.9     21   0.03    244     51  360.3  360.4  360.3
  170.3  13106  -53.8  -65.8     22   0.03    245     51  363.7  363.8  363.7
  169.0  13156  -53.3  -65.3     22   0.03    243     49  365.4  365.5  365.4
  166.0  13271  -54.1  -66.1     22   0.03    238     46  365.9  366.1  365.9
  161.0  13467  -53.3  -66.3     19   0.03    230     39  370.5  370.6  370.5
  154.9  13716  -54.8  -67.3     20   0.03    220     31  372.0  372.1  372.0
  150.0  13920  -56.1  -68.1     21   0.03    235     31  373.2  373.4  373.2
  147.6  14021  -56.3  -68.3     21   0.03    250     28  374.5  374.6  374.5
  146.0  14091  -56.5  -68.5     21   0.03    248     27  375.4  375.6  375.4
  140.6  14326  -58.3  -69.9     21   0.02    240     22  376.3  376.4  376.3
  134.0  14630  -60.6  -71.7     22   0.02    215     30  377.5  377.6  377.5
  132.0  14723  -61.3  -72.3     22   0.02    215     33  377.8  377.9  377.8
  127.6  14935  -61.4  -72.4     22   0.02    230     44  381.4  381.5  381.4
  121.4  15240  -61.5  -72.5     22   0.02    235     35  386.7  386.8  386.7
  118.0  15418  -61.5  -72.5     22   0.02    238     25  389.8  389.9  389.8
  115.6  15545  -62.0  -73.0     22   0.02    240     17  391.2  391.3  391.2
  114.0  15631  -62.3  -73.3     22   0.02    240     17  392.1  392.2  392.1
  112.0  15740  -61.1  -72.1     22   0.02    241     18  396.4  396.5  396.4
  105.0  16139  -62.7  -73.7     21   0.02    243     19  400.7  400.8  400.7
  100.0  16440  -62.1  -73.1     22   0.02    245     20  407.5  407.6  407.5
   96.6  16654  -61.3  -72.3     22   0.02    253     18  413.1  413.2  413.1
   89.5  17124  -64.7  -74.7     24   0.02    270     15  415.4  415.5  415.4
   82.2  17642  -66.3  -76.3     23   0.01    290     11  422.4  422.5  422.4
   80.8  17747  -65.1  -75.1     24   0.02    309      9  426.9  427.0  426.9
   73.9  18288  -65.5  -75.5     24   0.02     45      1  437.1  437.2  437.1
   70.0  18620  -65.7  -75.7     24   0.02    340      3  443.5  443.6  443.5
   65.3  19041  -66.5  -76.5     23   0.02    309      3  450.6  450.8  450.6
   59.6  19596  -65.1  -75.1     24   0.02    268      3  465.7  465.9  465.7
   51.7  20472  -60.1  -72.1     19   0.04    205      3  496.7  497.0  496.7
   50.0  20680  -60.7  -72.7     19   0.04    190      3  500.0  500.3  500.0
   45.0  21336  -60.7  -72.7     19   0.05      0      7  515.3  515.6  515.3
   41.3  21870  -60.7  -72.7     19   0.05      0     11  528.1  528.5  528.1
   40.8  21946  -60.4  -72.6     19   0.05      0     11  530.6  531.0  530.6
   37.0  22555  -58.2  -72.1     15   0.06     70     11  551.1  551.6  551.2
   36.8  22593  -58.1  -72.1     15   0.06     69     11  552.5  552.9  552.5
   32.0  23470  -58.4  -73.0     14   0.06     40     10  574.1  574.6  574.2
   30.0  23880  -58.5  -73.5     13   0.06     95      6  584.6  585.1  584.6
   27.7  24384  -58.1  -75.1     10   0.05     55      4  599.2  599.7  599.3
   27.7  24382  -58.1  -75.1     10   0.05     55      4  599.2  599.6  599.2
   26.4  24689  -57.2  -77.0      6   0.04     55     13  610.1  610.5  610.1
   25.1  24994  -56.2  -78.8      4   0.03     15     16  621.2  621.5  621.2
   22.9  25603  -54.4  -82.5      2   0.02     70     18  643.9  644.1  643.9
   22.5  25703  -54.1  -83.1      2   0.02     68     16  647.7  647.8  647.7
   21.8  25908  -51.5  -82.8      1   0.02     65     12  661.5  661.7  661.5
   21.6  25966  -50.7  -82.8      1   0.02     68     13  665.4  665.6  665.4
   20.3  26372  -48.7  -82.2      1   0.02     90     17  683.4  683.7  683.4
   20.0  26470  -48.9  -82.1      1   0.02     95     18  685.7  686.0  685.7
   19.9  26518  -48.8  -82.0      1   0.02     95     20  687.4  687.6  687.4
   19.0  26822  -48.4  -81.7      1   0.03    125     12  697.9  698.2  697.9
   18.1  27127  -47.9  -81.2      1   0.03     65     14  708.6  708.9  708.6
   17.3  27432  -47.5  -80.9      1   0.03    105     15  719.4  719.8  719.4
   16.6  27698  -47.1  -80.5      1   0.04     74     11  729.0  729.4  729.0
   16.5  27737  -47.2  -80.5      1   0.04     70     10  730.1  730.5  730.1
   15.1  28346  -48.1  -79.7      1   0.05     90     27  746.5  747.0  746.5
   14.2  28728  -48.7  -79.2      2   0.05    109     16  756.9  757.5  756.9
   13.7  28956  -48.1  -78.9      2   0.06    120     10  766.3  767.0  766.3
   13.5  29061  -47.9  -78.8      2   0.06    131      9  770.6  771.3  770.7
   13.0  29313  -41.9  -78.4      1   0.07    158      6  799.8  800.5  799.8
   12.5  29566  -43.7  -78.1      1   0.07    185      3  802.2  803.0  802.2
   12.2  29740  -44.9  -77.9      1   0.08    168      4  803.8  804.7  803.9
   11.3  30252  -45.3  -77.2      2   0.09    117      8  820.2  821.3  820.2
   10.9  30480  -43.2  -77.0      1   0.10     95      9  835.8  837.0  835.9
   10.2  30944  -38.9  -76.4      1   0.12     17     13  868.3  869.7  868.3
   10.0  31080  -38.9  -76.2      1   0.12    355     14  873.2  874.7  873.2
    9.8  31219  -37.7  -76.0      1   0.13     35     14  882.7  884.4  882.8
    9.6  31394  -38.0  -75.8      1   0.13     85     15  888.0  889.7  888.0
    9.2  31654  -38.5  -75.5      1   0.15    NaN    NaN  895.8  897.7  895.9
</PRE><H3>Station information and sounding indices</H3><PRE>
                         Station identifier: SGF
                             Station number: 72440
                           Observation time: 110522/1200
                           Station latitude: 37.23
                          Station longitude: -93.38
                          Station elevation: 387.0
                            Showalter index: 1.90
                               Lifted index: -6.80
    LIFT computed using virtual temperature: -7.56
                                SWEAT index: 156.71
                                    K index: 19.30
                         Cross totals index: 12.70
                      Vertical totals index: 34.70
                        Totals totals index: 47.40
      Convective Available Potential Energy: 2267.30
             CAPE using virtual temperature: 2431.55
                      Convective Inhibition: -212.16
             CINS using virtual temperature: -145.33
                           Equilibrum Level: 211.16
 Equilibrum Level using virtual temperature: 211.06
                   Level of Free Convection: 724.21
             LFCT using virtual temperature: 748.83
                     Bulk Richardson Number: 36.53
          Bulk Richardson Number using CAPV: 39.18
  Temp [K] of the Lifted Condensation Level: 291.86
Pres [hPa] of the Lifted Condensation Level: 928.13
   Equivalent potential temp [K] of the LCL: 341.46
     Mean mixed layer potential temperature: 298.16
              Mean mixed layer mixing ratio: 14.86
              1000 hPa to 500 hPa thickness: 5696.00
Precipitable water [mm] for entire sounding: 23.91

